18.0    .5      .1      6.7     .5      2.1     2.0     0       26.4    41.5    2.2
14.1    .8      .1      15.3    1.9     3.7     .5      0       29.8    31.3    2.5
13.6    .7      .7      6.8     .6      7.1     .7      0       33.8    34.4    1.6
14.3    1.7     1.7     6.9     1.2     7.4     .8      0       37.7    26.2    2.1
10.3    1.5     .4      9.3     .6      8.5     .9      0       38.4    27.2    2.9
13.4    1.4     .5      8.1     .7      8.6     1.8     0       38.5    25.3    1.7
13.5    1.1     .5      9.0     .6      9.0     3.4     0       36.8    23.5    2.6
12.9    1.4     .3      9.4     .6      9.3     4.3     0       41.1    19.4    1.3
12.3    .3      .1      11.9    2.4     3.7     1.7     1.9     42.4    23.1    .2
7.6     1.2     3.2     5.1     .6      5.6     1.8     10.0    29.0    35.0    .9
10.5    .3      .4      4.5     1.8     6.6     2.1     10.1    19.9    41.6    2.2
10.0    0.6     0.6     9.0     1.0     8.1     3.2     11.8    28.0    25.8    1.9
10.6    .8      .3      8.9     3.0     10.0    6.4     13.4    27.4    19.2    0
8.8     2.6     1.4     7.8     1.4     12.4    6.2     11.3    29.3    18.5    .3
10.1    1.1     1.2     5.9     1.4     9.5     6.0     5.9     40.7    18.2    0
15.6    1.6     10.0    11.4    7.6     8.8     4.8     3.4     32.2    4.6     0
11.2    1.3     16.5    12.4    15.8    8.1     4.9     3.4     20.7    4.2     1.5
12.9    1.5     7.0     7.9     12.1    8.1     5.3     3.9     36.1    5.2     0
10.9    5.3     9.7     7.6     9.6     9.4     8.5     4.6     28.2    6.2     0
13.1    4.4     7.3     5.7     9.8     12.5    8.0     5.0     26.7    7.5     0
12.8    4.7     7.5     6.6     6.8     15.7    9.7     5.3     24.5    6.4     .0
12.4    4.3     8.4     9.1     6.0     19.5    10.6    4.7     19.8    3.5     1.7
11.4    6.0     9.5     5.9     5.0     21.1    10.7    4.2     20.0    4.4     1.8
12.8    2.8     7.1     8.5     4.0     23.8    11.3    3.7     18.8    7.2     0
